near_z: 0.100000
fov: 0.785400
far_z: 1000.000000
aspect_ratio: 1.000000
auto_aspect_ratio: 0
