looping: 0
loopcount: 0
group: "sfx"
sound: ""
pan: 0.000000
gain: 0.100000
speed: 0.500000
